/*{1, 1, 1, 1, 1, 1, 1, 1, 1, 1, 1, 1, 1, 1, 1, 1, 1, 1, 1, 1},
    {1, 0, 5, 5, 1, 5, 5, 5, 5, 1, 5, 1, 5, 5, 5, 1, 5, 5, 5, 1},
    {1, 1, 1, 5, 1, 1, 1, 1, 5, 1, 5, 1, 1, 1, 5, 1, 5, 1, 1, 1},
    {1, 5, 5, 5, 5, 5, 5, 1, 5, 5, 5, 5, 5, 1, 5, 5, 5, 5, 5, 1},
    {1, 5, 1, 1, 1, 5, 1, 1, 1, 1, 1, 1, 5, 1, 1, 1, 1, 1, 5, 1},
    {1, 5, 5, 5, 1, 5, 5, 5, 5, 1, 5, 5, 5, 1, 5, 5, 5, 1, 5, 1},
    {1, 1, 1, 5, 1, 1, 1, 1, 5, 1, 1, 1, 5, 1, 1, 1, 5, 1, 5, 1},
    {1, 5, 5, 5, 5, 5, 5, 1, 5, 5, 5, 5, 5, 1, 5, 5, 5, 1, 5, 1},
    {1, 5, 1, 1, 1, 5, 1, 1, 1, 1, 1, 1, 5, 1, 1, 1, 5, 1, 5, 1},
    {1, 5, 1, 5, 5, 5, 5, 1, 5, 5, 5, 1, 5, 5, 5, 1, 5, 1, 5, 1},
    {1, 5, 1, 5, 1, 1, 5, 1, 5, 1, 5, 1, 1, 1, 5, 1, 5, 1, 5, 1},
    {1, 5, 1, 5, 5, 5, 5, 5, 5, 1, 5, 5, 5, 1, 5, 5, 5, 1, 5, 1},
    {1, 5, 1, 1, 1, 1, 1, 1, 5, 1, 1, 1, 5, 1, 1, 1, 1, 1, 5, 1},
    {1, 5, 5, 5, 5, 5, 5, 1, 5, 5, 5, 5, 5, 5, 5, 5, 5, 1, 5, 1},
    {1, 1, 1, 1, 5, 1, 5, 1, 1, 1, 5, 1, 1, 1, 5, 1, 1, 1, 5, 1},
    {1, 5, 5, 5, 5, 1, 5, 5, 5, 1, 5, 5, 5, 1, 5, 5, 5, 5, 5, 1},
    {1, 5, 1, 1, 1, 1, 1, 1, 5, 1, 1, 1, 5, 1, 1, 1, 1, 1, 1, 1},
    {1, 5, 5, 5, 5, 5, 5, 5, 5, 5, 5, 5, 5, 5, 5, 5, 5, 5, 4, 1},
    {1, 1, 1, 1, 1, 1, 1, 1, 1, 1, 1, 1, 1, 1, 1, 1, 1, 1, 1, 1},
    {1, 1, 1, 1, 1, 1, 1, 1, 1, 1, 1, 1, 1, 1, 1, 1, 1, 1, 1, 1}  ==========> matriz original do professor


    {1, 1, 1, 1, 1, 1, 1, 1, 1, 1, 1, 1, 1, 1, 1, 1, 1, 1, 1, 1},
    {1, 0, 0, 0, 0, 0, 0, 0, 0, 0, 0, 0, 0, 0, 0, 0, 0, 0, 0, 1},
    {1, 0, 1, 1, 1, 0, 1, 1, 1, 1, 1, 1, 1, 1, 0, 1, 1, 1, 0, 1},
    {1, 0, 1, 1, 1, 0, 1, 1, 1, 1, 1, 1, 1, 1, 0, 1, 1, 1, 0, 1},
    {1, 0, 1, 1, 1, 0, 1, 1, 1, 1, 1, 1, 1, 1, 0, 1, 1, 1, 0, 1},
    {1, 0, 0, 0, 0, 0, 0, 0, 0, 0, 0, 0, 0, 0, 0, 0, 0, 0, 0, 1},
    {1, 0, 1, 1, 1, 0, 1, 1, 1, 1, 1, 1, 1, 1, 0, 1, 1, 1, 0, 1},
    {1, 0, 1, 1, 1, 0, 1, 0, 0, 0, 0, 0, 0, 1, 0, 1, 1, 1, 0, 1},
    {1, 0, 1, 1, 1, 0, 1, 0, 1, 1, 1, 1, 0, 1, 0, 1, 1, 1, 0, 1},
    {1, 0, 0, 0, 0, 0, 0, 0, 1, 1, 1, 1, 0, 0, 0, 0, 0, 0, 0, 1},
    {1, 0, 1, 1, 1, 0, 1, 0, 1, 1, 1, 1, 0, 1, 0, 1, 1, 1, 0, 1},
    {1, 0, 1, 1, 1, 0, 1, 0, 0, 0, 0, 0, 0, 1, 0, 1, 1, 1, 0, 1},
    {1, 0, 1, 1, 1, 0, 1, 1, 1, 1, 1, 1, 1, 1, 0, 1, 1, 1, 0, 1},
    {1, 0, 0, 0, 0, 0, 0, 0, 0, 0, 0, 0, 0, 0, 0, 0, 0, 0, 0, 1},
    {1, 0, 1, 1, 1, 0, 1, 1, 1, 1, 1, 1, 1, 1, 0, 1, 1, 1, 0, 1},
    {1, 0, 1, 1, 1, 0, 1, 1, 1, 1, 1, 1, 1, 1, 0, 1, 1, 1, 0, 1},
    {1, 0, 1, 1, 1, 0, 1, 1, 1, 1, 1, 1, 1, 1, 0, 1, 1, 1, 0, 1},
    {1, 0, 0, 0, 0, 0, 0, 0, 0, 0, 0, 0, 0, 0, 0, 0, 0, 0, 0, 1},
    {1, 1, 1, 1, 1, 1, 1, 1, 1, 1, 1, 1, 1, 1, 1, 1, 1, 1, 1, 1},
    {0, 0, 0, 0, 0, 0, 0, 0, 0, 0, 0, 0, 0, 0, 0, 0, 0, 0, 0, 0}   ======> minha matriz linda, SEM as bolinhas

    {1, 1, 1, 1, 1, 1, 1, 1, 1, 1, 1, 1, 1, 1, 1, 1, 1, 1, 1, 1},
    {1, 5, 5, 5, 5, 5, 5, 5, 5, 5, 5, 5, 5, 5, 5, 5, 5, 5, 5, 1},
    {1, 5, 1, 1, 1, 5, 1, 1, 1, 1, 1, 1, 1, 1, 5, 1, 1, 1, 5, 1},
    {1, 5, 1, 1, 1, 5, 1, 1, 1, 1, 1, 1, 1, 1, 5, 1, 1, 1, 5, 1},
    {1, 5, 1, 1, 1, 5, 1, 1, 1, 1, 1, 1, 1, 1, 5, 1, 1, 1, 5, 1},
    {1, 5, 5, 5, 5, 5, 5, 5, 5, 5, 5, 5, 5, 5, 5, 5, 5, 5, 5, 1},
    {1, 5, 1, 1, 1, 5, 1, 1, 1, 1, 1, 1, 1, 1, 5, 1, 1, 1, 5, 1},
    {1, 5, 1, 1, 1, 5, 1, 5, 5, 5, 5, 5, 5, 1, 5, 1, 1, 1, 5, 1},
    {1, 5, 1, 1, 1, 5, 1, 5, 1, 1, 1, 1, 5, 1, 5, 1, 1, 1, 5, 1},
    {1, 5, 5, 5, 5, 5, 5, 5, 1, 1, 1, 1, 5, 5, 5, 5, 5, 5, 5, 1},
    {1, 5, 1, 1, 1, 5, 1, 5, 1, 1, 1, 1, 5, 1, 5, 1, 1, 1, 5, 1},
    {1, 5, 1, 1, 1, 5, 1, 5, 5, 5, 5, 5, 5, 1, 5, 1, 1, 1, 5, 1},
    {1, 5, 1, 1, 1, 5, 1, 1, 1, 1, 1, 1, 1, 1, 5, 1, 1, 1, 5, 1},
    {1, 5, 5, 5, 5, 5, 5, 5, 5, 5, 5, 5, 5, 5, 5, 5, 5, 5, 5, 1},
    {1, 5, 1, 1, 1, 5, 1, 1, 1, 1, 1, 1, 1, 1, 5, 1, 1, 1, 5, 1},
    {1, 5, 1, 1, 1, 5, 1, 1, 1, 1, 1, 1, 1, 1, 5, 1, 1, 1, 5, 1},
    {1, 5, 1, 1, 1, 5, 1, 1, 1, 1, 1, 1, 1, 1, 5, 1, 1, 1, 5, 1},
    {1, 5, 5, 5, 5, 5, 5, 5, 5, 5, 5, 5, 5, 5, 5, 5, 5, 5, 5, 1},
    {1, 1, 1, 1, 1, 1, 1, 1, 1, 1, 1, 1, 1, 1, 1, 1, 1, 1, 1, 1},
    {0, 0, 0, 0, 0, 0, 0, 0, 0, 0, 0, 0, 0, 0, 0, 0, 0, 0, 0, 0} 
    ====> minha matriz linda, COM as bolinhas


    professor:

    void moverJogador(GLint dx, GLint dy){
    int newX = jogador.x + dx;
    int newY = jogador.y + dy;

    if(labirinto[newY][newX] != 1){
        if(labirinto[newY][newX] == 2 && !jogador.possuiChave){
            printf("Porta trancada! Encontre a Chave! \n");
            return;
        } else if(labirinto[newY][newX] == 3){
            jogador.possuiChave = true;
            printf("Chave encontrada! \n");
            labirinto[newY][newX] = 0;
        } else if(labirinto[newY][newX] == 4){
            printf("Você escapou do Labirinto!!! :) \n");
            exit(0);
        } else if(labirinto[newY][newX] == 5){
            contaPontos++;
            printf("Pontos: %d \n", contaPontos); 
            labirinto[newY][newX] = 0; //pacman comeu a bolinha e ela sumiu!
            
        }
        jogador.x = newX;
        jogador.y = newY;
        
        glutPostRedisplay();
    }
}
